Load: 5054.298354 N 
 Area: 24708.174598 mm^2 
